Count Length
937 35
980 36
1001 37
1052 38
1106 39
1195 40
1150 41
1237 42
1286 43
1295 44
1304 45
1479 46
1491 47
1545 48
1529 49
1678 50
1689 51
1798 52
1892 53
2015 54
2058 55
2181 56
2219 57
2442 58
2636 59
2824 60
3022 61
3170 62
3116 63
3492 64
3667 65
4052 66
4198 67
4433 68
4855 69
5264 70
5685 71
6132 72
6621 73
6955 74
7273 75
7787 76
8781 77
9022 78
9792 79
9840 80
10830 81
11200 82
12031 83
12807 84
13745 85
14942 86
15328 87
16341 88
17138 89
18227 90
19592 91
20372 92
21366 93
22646 94
24663 95
35048 96
69755 97
226085 98
34054 99
299637 100
10393983 101