Count Length
927 35
1045 36
1159 37
1224 38
1372 39
1564 40
1577 41
1633 42
1802 43
1817 44
2006 45
2271 46
2486 47
2695 48
2997 49
3393 50
3663 51
4058 52
4182 53
4714 54
4946 55
5497 56
6089 57
6763 58
7156 59
7702 60
8231 61
8721 62
9332 63
9770 64
10033 65
10367 66
10930 67
11394 68
11982 69
12402 70
12960 71
13192 72
13960 73
14024 74
14451 75
14878 76
15274 77
15334 78
15907 79
15735 80
15964 81
16391 82
16801 83
17102 84
17200 85
17679 86
17671 87
17800 88
18130 89
18517 90
19436 91
18737 92
18914 93
19169 94
20506 95
25860 96
45188 97
135466 98
20123 99
172900 100
5873786 101